Lon = 30.023 ; Lat = 70.634600187373664 ; speed = 810 ; heading -45

distanceToAddInMeter = 0.020835
lon1ToRad = 0.52400020132625758
lat1ToRad = 1.2328063390994741
bearingToRad = -2.3561944901923448
angularDistance = 0.0000000032702872390519542
sinLat1 = 0.94342307380136881
cosLat1 = 0.33159147127026195
sinAngDist = 0.0000000032702872390519542
cosAngDist = 1.0
sinBearingAngle = -0.70710678118654757
cosBearingAngle = -0.70710678118654746
lat2ToRad = 1.2328063367870317
sinLat2 = 0.94342307303458262
lon2ToRad = 0.52400019435248879